Multiple size <= 100
TEST 1 ARG:41 35 67 26 66 47 28 30 48 55 54 16 43 84 21 94 52 56 57 64 73 61 45 92 78 40 74 23 58 1 39 20 79 95 4 46 0 6 3 83 11 63 53 8 97 24 60 17 12 32 70 82 37 98 5 38 34 50 27 13 31 18 68 90 9 10 62 7 69 89 2 59 77 85 99 87 93 44 71 19 96 25 29 65 51 14 86 49 88 36 80 33 22 72 75 91 81 15 42 76 
TEST 2 ARG:39 17 18 5 55 22 28 84 9 6 46 76 66 0 1 19 60 53 8 27 44 74 2 75 61 93 32 87 38 91 42 33 86 88 95 92 81 52 20 30 82 96 72 12 99 64 70 85 69 50 7 83 79 48 31 21 77 73 16 15 40 97 14 47 67 57 3 26 41 37 43 58 59 71 11 24 90 13 68 29 51 34 78 63 54 56 65 35 62 80 45 23 36 4 94 10 98 89 49 25 
TEST 3 ARG:92 22 53 98 40 76 21 45 44 9 95 14 85 39 67 86 18 7 57 62 17 26 23 20 52 90 69 77 70 25 59 33 19 41 63 88 66 50 38 75 54 2 16 91 36 58 27 93 47 60 29 28 94 31 73 82 43 65 6 72 79 34 24 61 15 11 64 46 3 1 51 89 10 97 8 56 96 84 32 30 80 49 48 35 5 0 68 99 4 37 13 78 87 83 55 42 12 71 81 74 
TEST 4 ARG:64 48 69 7 66 42 52 63 84 45 12 86 35 2 83 89 19 22 4 61 46 31 0 1 82 93 92 36 53 76 88 32 95 40 30 72 94 77 73 55 29 90 87 57 68 37 5 33 47 25 96 50 99 85 97 43 23 6 17 16 11 81 91 9 26 78 65 24 27 44 15 34 70 8 59 13 10 18 58 20 14 51 49 21 56 3 60 39 79 38 67 41 28 98 71 80 74 75 54 62 
TEST 5 ARG:85 54 3 92 86 61 57 51 1 62 93 2 24 39 80 4 20 81 69 18 84 94 15 98 10 66 16 96 83 47 32 12 78 26 75 74 17 71 13 68 73 64 35 50 42 31 33 88 0 45 9 65 82 53 41 70 30 27 28 99 95 19 8 56 60 25 48 7 77 21 87 89 37 29 14 59 72 36 34 38 55 22 52 40 63 58 5 43 23 11 90 79 49 91 46 67 44 6 76 97 
TEST 6 ARG:81 84 39 68 2 26 99 76 36 73 64 80 34 24 60 51 57 85 18 23 91 87 45 52 55 12 95 38 66 19 96 83 22 63 78 31 35 86 21 11 30 46 94 13 49 44 77 40 62 72 82 59 88 67 93 69 20 14 1 8 48 97 43 71 53 33 0 28 41 42 7 29 16 32 15 10 25 4 79 56 6 27 37 92 61 98 90 75 9 47 89 58 74 50 5 54 65 3 70 17 
TEST 7 ARG:65 68 35 49 46 76 4 38 71 43 62 92 8 64 0 36 28 85 50 20 5 37 1 6 58 70 9 91 78 16 96 54 17 86 14 27 13 19 3 56 41 75 26 44 51 89 61 47 39 99 32 82 73 23 66 10 7 95 67 59 52 31 94 45 34 88 11 57 98 87 79 48 81 93 21 22 77 40 69 2 15 55 42 24 80 84 90 83 29 72 74 97 25 12 63 60 18 33 30 53 
TEST 8 ARG:42 45 46 40 87 32 97 60 8 13 85 36 83 2 75 51 18 76 59 79 88 52 27 62 43 15 58 38 64 53 44 31 19 95 54 9 82 12 7 20 47 17 39 77 57 81 56 90 94 96 1 92 3 91 11 21 6 4 70 23 37 55 68 35 22 33 80 0 78 5 25 67 89 73 84 74 93 48 69 72 28 16 66 10 99 61 98 49 24 29 30 63 41 14 65 50 34 26 71 86 
TEST 9 ARG:93 91 61 23 65 25 28 10 89 13 79 68 49 20 86 40 81 5 16 29 8 54 59 11 27 58 83 92 44 77 37 9 70 24 71 4 50 45 21 67 6 26 75 55 41 36 64 99 17 1 97 38 48 90 84 7 53 18 0 66 85 2 42 30 78 52 63 15 76 31 87 32 96 43 14 47 22 73 56 39 57 19 60 72 98 80 69 3 51 12 34 94 33 88 82 35 62 46 74 95 
TEST 10 ARG:19 15 20 69 96 81 52 57 11 3 73 84 95 4 31 80 1 8 78 83 77 14 36 55 43 87 13 82 90 17 46 53 42 99 76 34 35 6 22 94 62 91 32 48 16 45 25 92 79 89 98 71 24 26 10 0 65 12 72 21 66 23 30 27 88 44 63 58 97 67 37 9 29 60 18 64 47 68 70 38 33 39 2 74 93 85 40 5 51 28 59 41 49 7 56 75 50 86 54 61 
TEST 11 ARG:86 67 32 33 50 38 89 47 21 49 65 60 35 39 9 85 98 59 66 41 83 1 42 82 69 22 0 84 24 26 25 91 4 68 79 14 99 64 44 71 94 48 76 63 53 5 96 29 43 90 30 13 78 8 88 23 58 10 72 87 55 61 20 11 54 46 57 40 52 12 77 73 15 37 36 7 19 45 80 16 62 92 56 28 74 2 34 97 93 18 81 95 75 27 17 31 3 6 51 70 
TEST 12 ARG:43 8 46 76 84 42 68 90 79 73 9 44 99 17 77 80 87 21 7 45 34 60 6 26 71 0 38 4 37 40 53 78 97 25 93 82 61 88 39 70 19 58 96 22 14 98 74 52 20 24 59 95 94 28 56 48 91 57 27 3 55 10 33 13 47 75 69 89 83 86 11 5 31 62 81 49 32 92 51 66 1 63 54 41 65 64 36 16 23 30 29 18 35 2 50 85 72 15 12 67 
TEST 13 ARG:67 43 25 33 34 32 40 63 96 13 74 6 15 3 92 12 56 69 37 49 94 35 21 29 81 97 90 28 41 71 42 22 66 84 47 68 7 10 93 58 59 64 19 60 51 18 16 46 8 38 99 11 76 27 77 36 88 50 44 14 95 73 31 45 85 57 2 70 5 86 1 98 62 23 79 78 53 89 83 72 20 55 9 39 65 54 61 30 17 52 91 82 87 4 0 48 80 26 75 24 
TEST 14 ARG:37 57 29 40 42 23 12 13 26 21 58 24 9 70 89 41 61 88 59 53 8 65 56 14 72 87 34 76 71 99 51 83 80 16 67 35 85 84 39 31 15 30 64 28 77 91 86 96 93 75 68 19 62 38 66 6 22 82 90 45 0 4 48 73 97 10 63 7 43 1 33 79 60 36 92 5 94 81 74 44 49 11 55 25 3 78 98 54 20 32 95 47 27 18 52 69 46 2 50 17 
TEST 15 ARG:19 99 67 60 1 8 17 38 27 47 55 6 3 96 15 23 73 80 53 45 72 82 26 13 54 58 5 41 74 91 43 28 39 93 87 16 57 7 79 33 78 70 51 83 4 92 50 46 98 44 69 84 32 30 61 21 0 9 37 65 59 48 64 56 94 52 36 90 11 86 85 62 24 14 75 88 22 71 95 10 20 77 76 63 35 49 18 97 66 29 81 68 40 25 12 42 34 89 31 2 
TEST 16 ARG:11 82 52 76 24 17 16 6 22 79 65 44 33 95 55 85 60 49 47 59 34 46 36 23 97 90 18 91 66 62 5 86 43 84 21 57 7 83 10 81 38 30 15 20 35 53 92 89 48 72 29 12 8 99 67 26 88 37 54 40 25 50 13 9 31 58 73 14 74 61 98 56 3 45 4 1 77 19 93 63 41 32 87 39 27 28 78 51 69 96 68 42 64 70 2 71 94 75 0 80 
TEST 17 ARG:36 64 26 8 33 12 22 91 14 6 97 81 35 20 90 71 86 5 62 24 19 74 30 87 58 27 44 66 72 28 18 63 83 1 7 10 46 11 3 48 78 37 41 79 38 57 47 99 96 55 4 82 45 59 80 39 29 77 25 75 89 51 76 9 68 70 92 65 94 15 73 17 56 67 23 88 43 54 32 50 21 93 98 53 61 84 0 31 16 34 69 42 95 60 40 49 52 85 2 13 
TEST 18 ARG:11 18 64 62 8 74 21 17 35 94 92 0 43 19 39 52 60 87 65 51 6 16 30 86 78 91 66 61 90 80 93 47 27 57 10 48 3 71 56 1 29 28 50 99 85 53 23 77 63 20 33 76 44 4 54 2 55 9 42 95 46 12 70 40 7 37 13 89 45 82 41 97 58 49 26 88 75 68 32 14 38 83 36 84 72 98 96 67 79 15 59 34 22 5 69 73 81 25 24 31 
TEST 19 ARG:45 68 48 66 0 90 41 31 97 8 95 25 69 12 51 7 85 88 44 73 33 18 42 59 28 20 75 27 80 35 87 94 61 49 64 67 89 1 54 3 65 22 60 17 91 38 77 30 71 99 29 81 36 15 43 62 74 52 26 40 86 19 82 83 57 32 63 4 37 39 16 72 2 79 56 5 47 93 46 6 84 78 9 13 70 76 98 21 96 50 23 24 10 34 58 55 53 14 92 11 
TEST 20 ARG:76 29 51 3 46 48 11 1 15 12 59 52 79 8 55 77 50 33 35 56 22 80 87 85 81 75 44 0 82 64 63 90 40 54 92 23 69 83 20 60 7 70 42 45 95 53 14 94 5 97 9 74 68 28 47 41 58 89 73 91 93 6 71 34 37 26 62 78 65 4 84 10 24 43 61 21 86 99 49 57 18 38 39 16 17 66 19 96 98 31 72 67 25 32 36 30 2 88 27 13 
TEST 21 ARG:62 86 1 20 35 0 12 69 41 93 90 10 71 39 56 64 97 95 27 66 91 99 55 98 23 63 65 75 87 5 80 8 67 37 19 57 43 28 54 92 60 50 82 44 94 53 45 36 78 29 24 72 88 70 40 89 52 25 58 42 14 11 73 76 46 84 13 33 22 16 68 21 26 2 83 79 38 51 47 49 77 74 4 15 48 18 61 17 32 96 7 6 31 9 59 85 34 30 3 81 
TEST 22 ARG:34 6 68 24 88 81 33 38 89 28 65 32 80 29 2 77 59 60 25 9 0 71 23 43 10 12 31 22 87 42 36 79 16 44 98 64 41 85 55 57 93 86 15 8 62 18 63 3 27 20 40 94 45 11 96 56 14 83 35 46 95 1 19 69 17 58 37 53 49 48 82 90 52 5 75 47 21 84 39 30 51 61 50 66 74 99 73 92 97 26 91 67 76 70 78 7 13 72 54 4 
TEST 23 ARG:57 91 0 14 31 30 70 53 1 95 44 47 49 20 54 75 13 89 62 22 8 18 78 28 97 2 21 5 51 39 34 25 77 86 45 87 93 84 16 19 68 76 15 55 24 38 27 46 98 80 17 94 64 6 83 71 3 50 9 11 60 43 66 32 69 37 96 42 72 65 26 12 59 23 36 52 61 41 7 48 90 29 88 63 99 58 33 74 67 79 40 4 82 73 10 35 81 92 56 85 
TEST 24 ARG:35 62 25 83 14 42 11 22 94 23 44 26 36 15 5 72 79 61 43 33 57 55 99 20 4 18 30 41 31 65 29 54 76 3 21 6 85 8 39 91 10 53 80 46 12 90 89 86 24 59 9 87 58 98 47 49 32 19 52 2 78 96 70 60 81 38 84 97 66 16 64 69 1 63 68 74 40 95 48 92 13 56 27 93 67 45 34 50 75 37 28 88 51 73 71 0 82 77 7 17 
TEST 25 ARG:40 56 89 36 72 21 94 18 14 93 80 54 19 30 52 55 3 91 45 13 11 37 7 68 85 82 26 34 32 48 41 33 86 87 9 76 79 47 95 88 60 65 5 51 84 90 46 62 24 12 63 31 77 28 42 8 16 6 71 44 53 35 23 74 29 4 99 27 15 0 20 98 66 78 69 1 17 64 38 57 67 25 39 50 49 96 2 58 92 81 61 73 22 97 10 70 75 43 59 83 
TEST 26 ARG:97 61 62 27 89 79 66 39 28 54 1 45 47 13 11 9 48 88 81 51 50 26 95 2 74 78 7 0 18 24 93 86 22 55 43 17 19 15 38 36 21 52 68 4 40 30 75 99 94 57 31 42 33 71 67 5 10 20 76 3 73 84 70 60 56 63 29 6 16 82 77 64 34 23 92 98 46 49 35 32 12 91 37 87 85 14 90 8 83 72 53 69 44 80 65 41 58 59 96 25 
TEST 27 ARG:93 68 8 75 90 42 37 46 17 92 97 60 11 10 86 25 56 88 99 63 18 30 3 5 40 79 85 47 0 20 32 80 94 73 83 41 49 19 31 13 16 12 65 38 53 98 72 70 51 24 58 45 28 1 91 15 69 48 52 27 14 89 33 34 22 50 55 59 23 35 36 4 76 7 61 84 57 64 2 77 26 9 29 71 67 62 95 21 87 74 81 54 6 82 43 39 44 78 66 96 
TEST 28 ARG:99 87 45 48 91 84 81 53 65 23 40 92 63 68 78 2 8 44 82 5 27 42 55 3 14 47 97 15 38 51 79 89 62 56 98 52 20 29 67 13 17 43 4 75 12 61 31 7 19 93 18 34 22 50 57 76 37 10 35 70 26 32 85 24 73 66 72 39 74 64 46 83 25 11 1 94 86 96 16 49 28 36 60 71 0 95 9 80 41 77 6 30 59 69 54 58 90 88 33 21 
TEST 29 ARG:16 3 43 55 51 30 29 80 31 50 85 34 56 54 20 21 15 24 0 37 92 63 69 26 17 11 18 97 19 61 57 59 6 96 60 64 33 73 7 75 72 4 49 58 39 22 28 86 41 46 62 44 98 9 76 53 1 79 83 74 35 67 13 78 42 14 48 87 23 36 38 40 32 99 95 89 8 68 27 12 91 94 77 5 90 88 2 10 45 82 81 93 25 71 52 65 84 47 66 70 
TEST 30 ARG:28 74 84 40 58 88 48 94 54 6 81 31 32 55 95 76 43 99 69 9 14 97 22 60 79 53 66 45 56 70 34 16 4 61 96 8 19 63 73 83 10 7 18 21 92 33 29 23 27 38 13 51 35 98 41 59 68 50 3 71 37 64 46 65 0 25 78 2 85 91 26 89 52 93 47 80 1 82 20 36 72 75 62 90 87 67 12 86 24 44 15 5 39 57 77 42 30 17 49 11 
TEST 31 ARG:90 60 71 84 74 6 70 48 9 98 77 64 43 25 19 58 73 1 52 36 11 57 67 40 59 93 45 97 72 34 20 37 4 95 68 87 28 14 29 26 91 86 32 17 83 35 30 31 76 44 23 92 38 5 3 39 94 66 13 12 15 80 96 42 99 69 16 24 75 49 61 2 46 78 47 51 0 62 65 54 21 81 10 53 8 56 82 41 63 88 85 27 55 50 89 33 79 18 22 7 
TEST 32 ARG:66 12 99 85 98 4 78 68 49 44 88 76 37 83 9 3 75 55 74 2 62 33 57 69 81 50 11 48 79 47 19 7 72 27 86 77 14 21 20 6 82 32 58 65 23 28 59 43 15 52 84 42 36 40 92 38 60 93 39 10 46 89 53 94 8 95 5 1 41 96 61 63 64 71 73 56 13 87 31 25 18 54 29 45 97 35 0 80 51 26 90 70 16 22 67 91 30 24 17 34 
TEST 33 ARG:67 90 70 32 56 45 61 43 99 33 71 3 46 85 86 59 65 5 96 62 83 52 2 51 58 69 73 68 15 19 38 30 64 82 41 76 66 77 10 84 80 18 78 50 48 20 44 35 23 16 31 94 54 37 29 75 0 4 25 60 21 26 63 57 72 7 22 74 34 91 36 1 12 81 24 39 97 89 92 47 8 95 11 9 53 87 17 28 13 40 6 14 49 42 88 27 55 93 79 98 
TEST 34 ARG:5 4 33 15 79 24 78 51 92 74 52 27 14 9 58 59 44 23 84 43 77 99 17 61 54 31 98 60 56 25 70 50 22 42 55 11 13 3 32 21 37 35 46 67 49 1 38 29 69 96 89 75 85 53 6 47 0 73 41 72 28 64 39 26 8 63 30 62 19 80 86 95 87 82 10 36 83 68 18 16 2 94 12 66 20 81 48 40 76 71 97 7 88 57 65 45 34 91 90 93 
TEST 35 ARG:43 70 4 31 35 71 63 65 82 77 45 12 5 80 22 36 15 20 8 2 1 98 57 87 11 53 78 54 86 76 93 39 90 66 97 41 88 49 73 23 38 60 42 62 89 25 79 3 68 30 17 33 52 55 21 34 75 27 32 74 69 40 94 51 18 29 46 67 85 61 83 0 9 47 24 95 99 64 84 19 26 92 7 72 13 81 37 28 91 59 14 96 44 48 6 50 56 58 10 16 
TEST 36 ARG:81 0 74 68 21 52 79 94 30 34 24 71 36 78 98 84 8 38 54 16 18 69 87 57 75 19 51 77 11 91 80 44 27 46 72 65 13 82 22 83 63 66 7 28 96 6 17 33 85 88 76 89 4 43 15 25 67 93 99 73 23 14 62 20 3 50 31 40 29 32 56 1 90 45 53 95 58 47 10 60 5 86 61 37 70 26 59 12 97 92 39 9 48 42 49 41 2 64 55 35 
TEST 37 ARG:82 85 1 43 58 38 35 74 67 19 18 34 76 46 25 80 73 24 97 30 99 57 29 45 65 20 72 70 21 61 91 64 5 37 50 81 52 31 16 79 94 90 10 27 23 87 71 93 11 6 89 92 41 95 49 83 98 32 14 3 26 40 39 62 55 15 68 84 88 69 22 47 36 78 8 28 63 51 66 96 42 0 12 33 86 59 9 17 54 2 7 56 4 53 75 13 60 48 77 44 
TEST 38 ARG:9 48 79 30 29 47 59 58 40 62 86 7 88 64 84 1 28 71 23 21 96 34 24 87 99 37 77 82 66 55 15 91 33 17 90 4 67 16 5 97 70 95 14 93 61 56 38 43 46 52 53 69 98 83 32 94 72 68 25 75 44 18 78 60 42 89 27 8 22 73 19 10 49 54 74 3 2 50 63 36 20 11 80 6 41 26 39 31 51 45 76 13 65 35 0 81 85 12 57 92 
TEST 39 ARG:30 90 53 37 35 8 96 92 66 20 40 56 11 86 62 54 83 71 17 29 32 34 46 58 48 1 18 49 25 6 63 2 38 3 14 47 55 44 84 13 36 75 65 27 50 72 16 42 21 67 73 45 77 43 23 98 94 79 59 15 78 57 68 24 70 85 60 10 80 76 74 82 89 12 64 41 99 97 22 31 0 91 4 87 88 19 9 95 5 93 51 52 33 39 69 26 61 81 7 28 
TEST 40 ARG:53 79 13 15 22 95 70 80 93 9 88 16 32 10 89 72 96 2 55 57 11 42 71 51 69 46 83 25 90 7 63 67 48 6 30 18 73 38 74 98 61 21 78 52 0 47 45 8 29 36 28 65 20 60 34 56 12 92 17 24 58 50 35 59 62 87 76 37 66 3 82 49 33 43 97 86 26 23 77 27 4 75 91 19 44 14 40 84 64 94 39 99 5 81 85 54 31 68 41 1 
TEST 41 ARG:58 70 77 99 1 75 69 84 39 37 74 71 9 88 34 97 90 38 48 5 49 95 16 76 65 29 72 93 85 67 73 36 83 50 44 46 0 33 35 23 43 24 79 62 22 68 19 47 13 12 45 28 32 6 82 14 3 63 41 78 55 54 80 31 89 8 92 64 4 18 61 11 17 98 15 26 57 30 56 87 20 53 25 2 42 52 91 27 94 96 66 21 59 51 86 40 60 10 7 81 
TEST 42 ARG:65 96 87 91 10 8 15 80 23 94 53 20 68 38 63 67 55 66 74 12 9 13 83 44 54 4 60 14 46 75 47 86 82 77 18 57 51 72 35 56 93 89 64 48 0 32 52 34 45 39 7 19 11 31 58 24 1 36 28 16 26 71 30 5 92 78 3 73 61 88 42 76 97 41 84 79 22 50 2 33 69 6 37 17 70 29 27 62 95 90 85 59 99 21 49 43 81 40 25 98 
TEST 43 ARG:5 89 29 41 33 47 38 61 28 4 71 58 11 51 20 8 35 1 22 78 9 34 24 76 65 70 6 16 31 90 14 36 98 57 37 97 18 25 54 12 67 80 40 44 17 42 48 3 60 72 86 68 46 87 66 63 52 26 79 84 64 92 53 13 82 62 95 23 55 69 59 99 7 77 45 91 56 74 85 39 21 83 30 93 32 75 10 27 50 43 73 19 94 81 49 0 2 88 15 96 
TEST 44 ARG:92 44 71 8 85 86 14 21 3 11 95 26 96 78 68 94 18 91 67 30 51 13 89 19 24 59 2 27 56 4 69 28 32 53 45 72 33 16 7 12 6 29 43 63 50 23 80 83 48 93 17 73 15 97 38 34 54 81 52 35 61 79 41 98 10 42 25 66 46 31 84 90 22 58 36 55 82 0 74 40 1 47 64 60 99 76 75 70 77 65 20 5 87 57 37 88 39 62 9 49 
TEST 45 ARG:30 0 37 47 44 51 48 69 19 35 89 92 68 24 25 73 12 26 86 27 28 6 67 29 23 53 64 70 79 18 17 80 65 56 20 49 94 39 1 41 75 43 9 42 84 45 2 71 11 99 16 54 98 59 74 40 15 33 90 83 5 97 32 77 3 21 61 93 22 38 55 52 81 82 36 34 46 85 58 50 96 88 13 31 57 78 91 62 60 72 63 4 87 66 7 95 76 8 10 14 
TEST 46 ARG:32 1 75 66 53 5 29 4 21 92 11 6 38 94 99 83 98 25 67 91 35 50 40 96 42 57 55 46 15 16 30 58 89 31 17 24 41 84 80 18 78 10 43 34 0 77 86 87 97 28 12 73 81 79 22 49 8 44 48 85 26 63 69 72 59 90 14 51 68 76 74 61 36 7 45 9 60 20 88 23 47 52 82 2 71 19 33 39 70 37 62 95 64 65 27 93 54 56 3 13 
TEST 47 ARG:83 39 97 1 90 55 99 11 41 30 33 64 48 74 26 40 18 23 89 3 54 4 19 34 14 96 13 16 77 51 78 95 2 35 59 50 42 29 43 73 45 21 86 17 5 37 47 65 88 63 66 67 85 76 69 15 10 22 68 84 53 56 79 7 25 70 46 6 31 75 92 58 93 81 9 49 61 20 62 27 91 82 36 0 52 8 80 28 71 57 87 98 24 72 38 60 44 94 12 32 
TEST 48 ARG:31 98 97 27 36 30 2 65 6 75 63 76 43 0 33 58 32 92 29 46 93 90 51 22 16 71 37 78 79 49 54 66 48 45 11 20 84 72 80 7 69 70 59 24 13 47 21 50 94 68 26 74 83 19 5 9 12 52 55 23 77 95 61 15 96 8 40 17 73 60 53 64 10 91 82 41 42 38 14 67 81 99 87 25 4 3 85 44 18 57 88 34 89 86 35 28 1 62 56 39 
TEST 49 ARG:56 36 63 16 59 78 40 21 89 38 4 73 8 44 94 86 3 51 83 57 91 53 39 49 31 33 43 68 29 52 10 23 22 41 9 95 45 66 62 90 11 47 75 19 0 24 79 58 65 18 80 93 1 81 88 61 71 48 82 37 2 7 15 55 70 27 12 87 64 28 92 85 13 30 74 72 99 14 50 69 42 76 32 60 67 20 25 35 5 6 98 17 96 97 54 34 84 26 77 46 
TEST 50 ARG:11 54 9 93 36 38 45 40 14 82 66 29 59 41 44 6 49 0 7 26 39 37 32 97 58 94 70 12 92 47 28 17 23 15 13 8 84 27 1 85 24 76 69 80 87 4 35 63 77 42 34 99 96 62 89 78 91 83 3 31 75 79 30 50 56 53 22 5 48 81 21 33 2 86 60 20 18 43 67 51 19 74 68 57 64 52 10 25 16 88 61 90 55 95 72 73 98 46 65 71 
TEST 51 ARG:92 8 80 37 13 74 7 59 41 86 89 45 0 47 61 85 96 94 90 33 83 46 66 67 97 93 39 19 9 15 49 31 50 28 22 88 1 60 57 68 48 38 21 42 34 32 98 75 76 2 35 26 51 10 18 79 16 91 14 82 29 20 56 84 95 30 65 73 4 11 24 87 81 69 71 78 27 77 23 63 62 55 99 52 3 44 53 64 5 58 36 6 17 70 40 43 12 25 72 54 
TEST 52 ARG:49 15 36 82 34 12 1 61 50 52 39 18 67 53 60 40 72 27 22 25 84 38 10 97 93 48 42 83 30 19 62 74 59 98 92 77 86 11 8 71 13 24 64 99 95 7 6 14 5 69 45 68 17 76 89 16 65 0 73 55 41 58 63 21 43 88 23 66 33 20 26 51 75 54 79 78 91 57 3 56 28 32 35 29 81 2 46 87 85 96 44 37 47 80 9 94 70 90 4 31 
TEST 53 ARG:97 44 99 66 82 2 79 59 61 31 28 50 30 6 62 95 5 83 13 65 29 60 11 78 22 15 37 87 98 24 45 14 70 81 8 27 0 18 52 69 38 48 84 23 67 92 88 47 56 49 26 17 55 74 20 3 53 54 40 7 86 75 77 10 91 73 72 71 35 1 76 89 19 85 94 57 34 32 58 93 42 16 21 64 36 33 46 9 68 39 51 90 41 96 43 63 80 25 4 12 
TEST 54 ARG:10 75 46 66 11 19 62 82 27 88 79 45 61 17 23 84 78 9 52 3 93 99 8 85 28 89 91 29 1 48 13 32 59 12 63 43 35 55 98 36 65 21 74 39 64 38 24 96 42 77 16 5 18 47 73 92 54 87 94 83 14 90 26 86 81 30 76 70 68 34 31 71 58 22 72 51 7 41 25 97 6 37 44 67 57 40 0 33 4 60 53 80 15 56 69 49 95 50 2 20 
TEST 55 ARG:99 19 88 77 70 89 20 34 2 60 49 95 32 92 13 41 43 3 39 8 66 16 15 42 10 84 44 75 56 64 81 47 25 97 27 83 94 67 0 68 57 52 18 23 69 11 30 63 93 40 50 80 37 36 91 31 17 1 58 65 7 46 87 74 24 71 98 62 90 86 28 45 4 35 96 85 82 51 12 48 54 33 21 61 14 22 59 76 29 55 79 73 53 5 26 72 38 78 6 9 
TEST 56 ARG:67 26 90 71 18 5 7 6 42 37 2 53 93 99 60 40 14 16 85 50 17 79 21 0 63 15 20 83 89 11 36 3 74 80 35 46 81 76 51 84 87 8 52 69 62 61 54 27 65 95 72 4 92 64 98 28 41 29 59 47 13 48 75 34 58 82 10 25 23 45 19 66 86 73 9 43 49 24 88 56 44 96 77 22 12 91 57 31 78 30 94 1 32 38 39 55 68 70 33 97 
TEST 57 ARG:2 43 26 25 81 84 19 34 39 38 4 36 54 52 47 90 73 82 66 1 58 48 95 97 9 45 8 85 13 11 78 72 56 0 18 49 27 80 28 5 37 6 12 77 71 55 14 87 91 33 98 65 29 69 62 46 92 44 94 32 93 42 70 68 10 76 35 74 75 40 41 86 99 22 96 20 50 21 59 67 15 17 23 88 60 57 61 83 63 53 64 89 30 16 51 7 31 79 24 3 
TEST 58 ARG:90 70 6 40 7 77 28 95 38 47 14 42 50 93 1 25 98 13 76 92 19 82 78 96 2 16 32 86 20 87 8 61 23 81 66 68 43 57 83 34 0 9 21 62 84 99 67 59 73 3 56 94 33 64 60 52 88 30 55 54 12 41 53 22 51 91 18 79 71 44 36 31 29 37 48 65 69 97 39 63 45 75 58 17 49 46 4 10 80 74 85 11 24 35 26 15 72 5 27 89 
TEST 59 ARG:13 91 37 32 0 30 74 46 84 7 95 17 63 80 78 36 19 86 49 77 18 34 98 48 5 79 92 71 96 24 82 58 33 68 22 61 39 87 31 99 20 94 85 70 72 62 83 89 93 47 27 29 10 3 12 41 55 59 76 16 75 64 73 1 2 81 23 51 88 9 69 28 90 44 50 38 65 66 26 25 42 56 11 67 8 57 45 60 14 40 4 54 15 35 43 97 53 52 6 21 
TEST 60 ARG:97 79 81 34 96 27 13 36 84 94 53 18 3 83 59 4 7 93 89 38 49 62 31 14 43 92 66 72 44 37 33 21 12 9 22 64 30 68 57 56 20 2 26 25 48 99 70 98 10 51 17 85 75 55 8 58 11 16 5 88 95 82 24 29 40 67 63 61 41 32 28 91 47 35 77 90 78 19 46 74 86 15 73 76 23 1 54 42 45 71 80 50 87 52 39 6 60 0 65 69 
TEST 61 ARG:78 68 79 94 49 13 89 1 5 41 31 73 70 33 63 46 29 90 50 23 28 16 80 35 21 99 66 6 60 36 2 15 93 86 58 97 87 26 76 83 19 34 7 48 40 8 91 20 69 42 14 96 18 65 62 47 51 17 98 57 64 81 25 12 44 30 71 39 43 82 10 56 88 0 3 32 24 74 54 55 67 61 9 53 11 38 27 72 59 37 92 45 77 52 4 85 22 84 75 95 
TEST 62 ARG:39 56 87 97 12 30 28 6 35 34 92 36 67 20 72 41 81 74 51 27 32 22 37 45 21 62 66 8 2 44 98 71 40 7 52 95 47 18 9 3 29 23 99 69 70 68 38 19 83 78 64 14 15 89 60 75 54 49 85 17 59 86 33 88 31 43 0 58 76 96 73 93 80 82 46 5 13 90 26 77 84 1 79 11 50 25 94 24 48 57 91 53 65 16 42 10 63 4 61 55 
TEST 63 ARG:76 42 51 52 26 86 83 97 37 0 34 66 67 36 32 17 10 48 79 47 59 40 99 45 88 38 58 19 73 96 13 82 46 18 92 80 44 20 69 84 25 49 39 24 30 60 27 78 61 77 72 90 22 89 71 4 9 94 28 41 15 29 87 53 50 54 6 91 70 7 5 55 31 65 57 56 35 12 8 93 74 21 95 3 11 43 33 14 64 2 68 63 16 75 23 62 98 81 85 1 
TEST 64 ARG:12 28 22 99 19 77 0 6 66 91 71 37 3 85 79 81 54 30 58 68 42 9 89 67 46 49 40 60 94 53 88 11 39 65 82 1 2 13 86 29 64 78 23 21 48 75 62 69 61 90 70 33 34 41 14 45 16 93 24 26 87 96 35 18 76 92 20 98 72 50 59 73 43 95 32 83 5 44 31 56 97 25 52 84 10 15 57 17 8 51 27 7 38 4 55 36 47 74 80 63 
TEST 65 ARG:81 58 10 34 20 41 2 70 29 13 36 6 43 50 33 90 12 7 79 47 72 95 98 11 17 59 27 49 15 3 38 73 9 8 94 86 75 0 18 52 85 42 5 51 30 53 89 4 22 83 67 88 19 55 1 32 26 96 14 74 44 82 37 66 48 97 63 77 76 23 46 87 54 65 56 91 45 25 69 61 93 68 28 40 99 21 57 62 35 39 64 84 16 80 92 60 24 31 71 78 
TEST 66 ARG:19 77 29 83 26 30 63 75 35 84 33 67 64 31 61 15 62 2 28 90 52 86 49 13 42 18 96 44 48 20 79 69 72 7 56 85 81 73 88 11 93 55 89 65 24 0 12 43 87 76 39 46 95 22 3 8 45 59 51 9 58 10 74 1 92 6 50 60 27 4 32 16 78 97 82 40 47 17 99 21 91 80 14 37 57 98 54 71 41 68 38 34 5 36 53 23 25 70 66 94 
TEST 67 ARG:54 82 42 76 46 47 10 18 63 0 71 36 81 49 38 48 15 13 44 37 30 12 7 58 99 29 91 35 52 75 57 50 73 45 69 21 3 40 32 43 60 53 86 97 74 84 9 24 25 85 20 83 62 4 56 11 79 26 64 16 96 22 61 88 51 65 23 98 94 33 95 8 28 92 1 68 77 72 89 41 80 59 66 55 6 17 78 93 5 67 34 70 87 39 14 2 90 19 27 31 
TEST 68 ARG:14 51 9 57 71 21 76 96 18 37 87 36 5 0 48 46 61 59 77 68 65 32 38 58 90 30 56 78 89 40 19 28 95 6 50 88 7 2 86 92 83 3 63 69 11 20 12 39 33 29 67 53 45 66 49 55 85 75 91 44 93 41 99 70 81 43 79 97 22 16 15 47 98 52 64 73 27 24 1 60 72 42 13 23 94 34 84 10 26 62 31 25 8 74 82 35 54 4 17 80 
TEST 69 ARG:84 83 66 20 7 78 54 22 89 19 70 2 57 49 35 95 94 10 41 46 29 26 61 80 53 60 0 90 40 45 3 33 86 6 69 30 36 44 93 21 39 11 27 88 98 96 79 63 82 42 28 58 75 43 68 87 38 4 5 77 34 72 32 31 48 1 47 16 65 71 37 15 91 81 73 23 9 51 74 97 59 50 18 99 76 24 62 55 8 92 12 85 67 25 17 56 64 13 52 14 
TEST 70 ARG:43 81 15 55 93 22 70 0 44 2 58 84 64 32 53 86 23 62 31 72 48 36 96 89 13 10 18 11 74 20 66 29 59 90 91 16 68 75 76 51 38 61 6 30 40 21 19 98 8 39 45 80 82 60 83 65 33 63 34 49 79 92 71 4 7 87 57 95 77 3 52 99 85 41 54 24 26 88 50 12 28 73 14 97 67 35 1 42 17 56 27 37 9 78 69 5 25 47 46 94 
TEST 71 ARG:51 64 91 46 90 82 0 56 12 92 79 87 44 8 27 52 63 86 25 35 22 34 5 7 68 99 81 61 43 29 83 30 85 23 48 84 6 3 17 96 20 28 36 9 37 95 58 73 10 15 19 33 65 78 31 69 89 42 53 14 98 47 45 88 38 77 41 54 72 21 93 16 55 70 4 49 40 62 1 75 76 26 59 2 57 94 80 13 66 67 18 60 97 39 32 74 24 11 71 50 
